0
0
0.0
0.0
1.6460905349794253
1.6460905349794253
0.21676912394790787
0.21676912394790787
-1.617544806722909
-1.617544806722909
-0.21301001570013395
-0.21301001570013395
-1.674141236635413
-1.674141236635413
0
1.6460905349794253
1.6460905349794253
0.21676912394790787
0.21676912394790787
0.028545728256516394
0.028545728256516394
0
0.0
0.0
0.0
0.0
0.0
0.0
0.0
0.0
0.0
0.0
0.0
0.0
0.0
0.0
0.0
0.0
1.6460905349794253
1.6460905349794253
-1.4293214110315176
-1.4293214110315176
-0.18822339569139146
-0.18822339569139146
1.621303914970683
1.621303914970683
0
1.6460905349794253
1.6460905349794253
0.21676912394790787
0.21676912394790787
0.028545728256516394
0.028545728256516394
-1.6423314267316513
-1.6423314267316513
-0.21627409734737907
-0.21627409734737907
-0.028480539568379964
-0.028480539568379964
-1.649841058708592
-1.649841058708592
-0.2172630200768507
-0.2172630200768507
-0.028610768075960635
-0.028610768075960635
-0.0037676731622641553
-0.0037676731622641553
-0.0004961544905057735
-0.0004961544905057735
-6.53372168576046e-05
-6.53372168576046e-05
1.6460819309014834
1.6460819309014834
0.21676799090060447
0.21676799090060447
1.6746361140280601
1.6746361140280601
0.22052821254690733
0.22052821254690733
0.029040752269550534
0.029040752269550534
0.003824296595163664
0.003824296595163664
0.0005036110742591878
0.0005036110742591878
0
0.0
0.0
0.0
0.0
0.0
0.0
0.0
0.0
0
0.0
0.0
0.0
0.0
-1.6460905349794253
-1.6460905349794253
-0.21676912394790787
-0.21676912394790787
-0.028545728256516394
-0.028545728256516394
-0.0037591082477739235
-0.0037591082477739235
1.6455955083788907
1.6455955083788907
-1.429386599719648
-1.429386599719648
1.4578585547694267
1.4578585547694267
0.19198137346757943
0.19198137346757943
0.025281497740585007
0.025281497740585007
0.003329250731270624
0.003329250731270624
0.0004384198493845304
0.0004384198493845304
5.773430115022886e-05
5.773430115022886e-05
0
0.0
0.0
0.0
0.0
0.0
0.0
-1.6460905349794253
-1.6460905349794253
-0.21676912394790787
-0.21676912394790787
1.617544806722909
1.617544806722909
0.21301001570013395
0.21301001570013395
-1.6180398333234378
-1.6180398333234378
-0.21307520438827038
-0.21307520438827038
1.6180312488048365
1.6180312488048365
-1.433016461062741
-1.433016461062741
-0.1887099866420113
-0.1887099866420113
-0.024850697829403856
-0.024850697829403856
1.6428180151006564
1.6428180151006564
0.21633817482806944
0.21633817482806944
0.028488977755139665
0.028488977755139665
-1.6423389000487099
-1.6423389000487099
-0.21627508148789926
-0.21627508148789926
1.61760986581229
1.61760986581229
-1.4330719518271866
-1.4330719518271866
-0.18871729406777504
-0.18871729406777504
-0.024851660124151447
-0.024851660124151447
-0.0032726466007145425
-0.0032726466007145425
-0.0004309658075030143
-0.0004309658075030143
-5.675269893146151e-05
-5.675269893146151e-05
-7.473606438897681e-06
-7.473606438897681e-06
1.6460895508007964
1.6460895508007964
0.21676899434413718
0.21676899434413718
0.028545711189350936
0.028545711189350936
0.003759106000244354
0.003759106000244354
0
0.0
0.0
0.0
0.0
0.0
0.0
0
-1.6460905349794253
-1.6460905349794253
-0.21676912394790787
-0.21676912394790787
-0.028545728256516394
-0.028545728256516394
1.6423314267316513
1.6423314267316513
0.21627409734737907
0.21627409734737907
0.028480539568379964
0.028480539568379964
0.003750523729172765
0.003750523729172765
0
1.6460905349794253
1.6460905349794253
0.21676912394790787
0.21676912394790787
0.028545728256516394
0.028545728256516394
0.0037591082477739235
0.0037591082477739235
0.0004950266005288029
0.0004950266005288029
-1.6460253462912888
-1.6460253462912888
-1.862851074408732
-1.862851074408732
-0.24531372173283827
-0.24531372173283827
-0.03230468763559813
-0.03230468763559813
-0.0042541152441918
-0.0042541152441918
-0.0005602127070562328
-0.0005602127070562328
-7.37728667724961e-05
-7.37728667724961e-05
-9.714945417016452e-06
-9.714945417016452e-06
-1.2793343806549728e-06
-1.2793343806549728e-06
-1.6847201559736885e-07
-1.6847201559736885e-07
1.6460905127938061
1.6460905127938061
0.2167691210263397
0.2167691210263397
0.02854572787178119
0.02854572787178119
0.0037591081971063054
0.0037591081971063054
0.0004950265938556224
0.0004950265938556224
6.51886872600945e-05
6.51886872600945e-05
0
-1.6460905349794253
-1.6460905349794253
-0.21676912394790787
-0.21676912394790787
-0.028545728256516394
-0.028545728256516394
-0.0037591082477739235
-0.0037591082477739235
-0.0004950266005288029
-0.0004950266005288029
-6.518868813643053e-05
-6.518868813643053e-05
-8.584518607079872e-06
-8.584518607079872e-06
-1.130471585971312e-06
-1.130471585971312e-06
-1.4886868626717842e-07
-1.4886868626717842e-07
-1.9604105006010286e-08
-1.9604105006010286e-08
-2.5816090006477075e-09
-2.5816090006477075e-09
-3.399650931138846e-10
-3.399650931138846e-10
-4.4770113542350984e-11
-4.4770113542350984e-11
-5.8975047068088315e-12
-5.8975047068088315e-12
-7.756758198714427e-13
-7.756758198714427e-13
1.6460905349793187
1.6460905349793187
0.21676912394789602
0.21676912394789602
0.028545728256510472
0.028545728256510472
-1.6423314267316513
-1.6423314267316513
-0.21627409734737907
-0.21627409734737907
-0.028480539568379964
-0.028480539568379964
-0.003750523729172765
-0.003750523729172765
-0.0004938961289428316
-0.0004938961289428316
-6.503981945016335e-05
-6.503981945016335e-05
-8.564914496152673e-06
-8.564914496152673e-06
-1.127889976970664e-06
-1.127889976970664e-06
1.6460903864507042
1.6460903864507042
0.21676910438856706
0.21676910438856706
1.6746362606602243
1.6746362606602243
-1.425562303122933
-1.425562303122933
0
0.0
0.0
0.0
0.0
-1.6460905349794253
-1.6460905349794253
1.4293214110315176
1.4293214110315176
0.18822339569139146
0.18822339569139146
0
0.0
0.0
1.6460905349794253
1.6460905349794253
-1.4293214110315176
-1.4293214110315176
-1.8343139306708167
-1.8343139306708167
1.404534791022775
1.404534791022775
-1.4611312209352731
-1.4611312209352731
1.4536781931278675
1.4536781931278675
0.19143087316910132
0.19143087316910132
0.025209003874119656
0.025209003874119656
0.0033197042138747674
0.0033197042138747674
0.00043716269483221976
0.00043716269483221976
5.756874993897062e-05
5.756874993897062e-05
7.5810699525410054e-06
7.5810699525410054e-06
1.646091533309626
1.646091533309626
0
1.6460905349794253
1.6460905349794253
0.21676912394790787
0.21676912394790787
0.028545728256516394
0.028545728256516394
0.0037591082477739235
0.0037591082477739235
0.0004950266005288029
0.0004950266005288029
6.518868813643053e-05
6.518868813643053e-05
8.584518607079872e-06
8.584518607079872e-06
1.130471585971312e-06
1.130471585971312e-06
1.4886868626717842e-07
1.4886868626717842e-07
1.9604105006010286e-08
1.9604105006010286e-08
-1.6460905323978103
-1.6460905323978103
-1.8628596585873622
-1.8628596585873622
1.4007756828197713
1.4007756828197713
0.18446428744952098
0.18446428744952098
0.024291593408989343
0.024291593408989343
0.0031988929592093505
0.0031988929592093505
1.6465117883732283
1.6465117883732283
-1.429265937333568
-1.429265937333568
-0.18821609051306254
-0.18821609051306254
-1.6708761929893732
-1.6708761929893732
1.4260574560672445
1.4260574560672445
0.18779357446153
0.18779357446153
0.024730018036086914
0.024730018036086914
0.003256627889521487
0.003256627889521487
0
0.0
0.0
0.0
0.0
0.0
0.0
0.0
0.0
0.0
0.0
-1.6460905349794253
-1.6460905349794253
-0.21676912394790787
-0.21676912394790787
1.617544806722909
1.617544806722909
-1.4330805192792855
-1.4330805192792855
-0.1887184222919262
-0.1887184222919262
-0.0248518086968789
-0.0248518086968789
-0.0032726661658403584
-0.0032726661658403584
-0.0004309683839783437
-0.0004309683839783437
-5.675303822153903e-05
-5.675303822153903e-05
1.6460830613282993
1.6460830613282993
0.21676813976339915
0.21676813976339915
0.02854559865197004
0.02854559865197004
0.003759091180507805
0.003759091180507805
-1.645595510626432
-1.645595510626432
1.4293865994236832
1.4293865994236832
0.18823198017101936
0.18823198017101936
1.67087828545462
1.67087828545462
0
0.0
0.0
-1.6460905349794253
-1.6460905349794253
-0.21676912394790787
-0.21676912394790787
1.617544806722909
1.617544806722909
0.21301001570013395
0.21301001570013395
0.02805070165598167
0.02805070165598167
-1.6423966154197878
-1.6423966154197878
-0.2162826818659802
-0.2162826818659802
-0.028481670039965934
-0.028481670039965934
-0.0037506725978590323
-0.0037506725978590323
0
-1.6460905349794253
-1.6460905349794253
1.4293214110315176
1.4293214110315176
-1.4578671392880338
-1.4578671392880338
-0.19198250393916538
-0.19198250393916538
-0.025281646609271274
-0.025281646609271274
-0.003329270335381551
-0.003329270335381551
0
0.0
0.0
1.6460905349794253
1.6460905349794253
-1.4293214110315176
-1.4293214110315176
-0.18822339569139146
-0.18822339569139146
0
0.0
0.0
0.0
0.0
0.0
0.0
-1.6460905349794253
-1.6460905349794253
-0.21676912394790787
-0.21676912394790787
-0.028545728256516394
-0.028545728256516394
1.6423314267316513
1.6423314267316513
0.21627409734737907
0.21627409734737907
0.028480539568379964
0.028480539568379964
1.649841058708592
1.649841058708592
0.2172630200768507
0.2172630200768507
-1.6174797669034588
-1.6174797669034588
-1.8590919857650632
-1.8590919857650632
-0.24481869771391848
-0.24481869771391848
-0.032239499287426795
-0.032239499287426795
-0.004245530770360754
-0.004245530770360754
1.6455314527380576
1.6455314527380576
0.21669549994904597
0.21669549994904597
1.6746265678945231
1.6746265678945231
0.2205269554428983
0.2205269554428983
0.029040586724994693
0.029040586724994693
0
-1.6460905349794253
-1.6460905349794253
-0.21676912394790787
-0.21676912394790787
-0.028545728256516394
-0.028545728256516394
-0.0037591082477739235
-0.0037591082477739235
1.6455955083788907
1.6455955083788907
1.8627944702391968
1.8627944702391968
0.2453062676858231
0.2453062676858231
0.03230370603269843
0.03230370603269843
0.004253985979616459
0.004253985979616459
0.0005601956845602274
0.0005601956845602274
0
0.0
0.0
0.0
0.0
0.0
0.0
0
0.0
0.0
-1.6460905349794253
-1.6460905349794253
1.4293214110315176
1.4293214110315176
0
-1.6460905349794253
-1.6460905349794253
-0.21676912394790787
-0.21676912394790787
1.617544806722909
1.617544806722909
-1.4330805192792855
-1.4330805192792855
1.457372112687505
1.457372112687505
-1.4541732197283963
-1.4541732197283963
-0.19149606185723775
-0.19149606185723775
-0.025217588392720813
-0.025217588392720813
-0.0033208346854607385
-0.0033208346854607385
-0.00043731156351848693
-0.00043731156351848693
1.6460329466253814
1.6460329466253814
1.8628520752757716
1.8628520752757716
0.24531385353425844
0.24531385353425844
0.03230470499216764
0.03230470499216764
0.004254117529836066
0.004254117529836066
0.0005602130080421357
0.0005602130080421357
0
-1.6460905349794253
-1.6460905349794253
-0.21676912394790787
-0.21676912394790787
-0.028545728256516394
-0.028545728256516394
-0.0037591082477739235
-0.0037591082477739235
-0.0004950266005288029
-0.0004950266005288029
1.6460253462912888
1.6460253462912888
0
0.0
0.0
-1.6460905349794253
-1.6460905349794253
-0.21676912394790787
-0.21676912394790787
-0.028545728256516394
-0.028545728256516394
1.6423314267316513
1.6423314267316513
0.21627409734737907
0.21627409734737907
1.6745710745478053
1.6745710745478053
0.22051964767708063
0.22051964767708063
0
-1.6460905349794253
-1.6460905349794253
-0.21676912394790787
-0.21676912394790787
-0.028545728256516394
-0.028545728256516394
-0.0037591082477739235
-0.0037591082477739235
-0.0004950266005288029
-0.0004950266005288029
-6.518868813643053e-05
-6.518868813643053e-05
1.6460819504608242
1.6460819504608242
-1.4293225415031034
-1.4293225415031034
-0.18822354456007773
-0.18822354456007773
-0.024786639612847477
-0.024786639612847477
1.6428264507505712
1.6428264507505712
0.2163392856955504
0.2163392856955504
0.02848912404221101
0.02848912404221101
0.0037516541948612314
0.0037516541948612314
0.000494044996853423
0.000494044996853423
0
1.6460905349794253
1.6460905349794253
0.21676912394790787
0.21676912394790787
0.028545728256516394
0.028545728256516394
0.0037591082477739235
0.0037591082477739235
0.0004950266005288029
0.0004950266005288029
6.518868813643053e-05
6.518868813643053e-05
8.584518607079872e-06
8.584518607079872e-06
1.130471585971312e-06
1.130471585971312e-06
1.4886868626717842e-07
1.4886868626717842e-07
1.9604105006010286e-08
1.9604105006010286e-08
0
-1.6460905349794253
-1.6460905349794253
-0.21676912394790787
-0.21676912394790787
-0.028545728256516394
-0.028545728256516394
-0.0037591082477739235
-0.0037591082477739235
-0.0004950266005288029
-0.0004950266005288029
-6.518868813643053e-05
-6.518868813643053e-05
1.6460819504608242
1.6460819504608242
0.2167679934763219
0.2167679934763219
-1.6175449555915953
-1.6175449555915953
-0.21301003530424487
-0.21301003530424487
-0.02805070423759659
-0.02805070423759659
-0.0036939198996025864
-0.0036939198996025864
1.6456040928527276
1.6456040928527276
1.8627956007048911
1.8627956007048911
0
0.0
0.0
0.0
0.0
-1.6460905349794253
-1.6460905349794253
1.4293214110315176
1.4293214110315176
0.18822339569139146
0.18822339569139146
0.02478662000874247
0.02478662000874247
0
1.6460905349794253
1.6460905349794253
0.21676912394790787
0.21676912394790787
0.028545728256516394
0.028545728256516394
0.0037591082477739235
0.0037591082477739235
0
0.0
0.0
0.0
0.0
1.6460905349794253
1.6460905349794253
-1.4293214110315176
-1.4293214110315176
-0.18822339569139146
-0.18822339569139146
-0.02478662000874247
-0.02478662000874247
-1.6493546166266646
-1.6493546166266646
-0.21719896186030024
-0.21719896186030024
-0.028602332426045745
-0.028602332426045745
0
-1.6460905349794253
-1.6460905349794253
-0.21676912394790787
-0.21676912394790787
1.617544806722909
1.617544806722909
0.21301001570013395
0.21301001570013395
0.02805070165598167
0.02805070165598167
1.6497844545390628
1.6497844545390628
0.2172555660298355
0.2172555660298355
0.028609786473060932
0.028609786473060932
0.003767543897688815
0.003767543897688815
0.0004961374680038471
0.0004961374680038471
6.533497520777587e-05
6.533497520777587e-05
8.603782746992769e-06
8.603782746992769e-06
1.1330084307796067e-06
1.1330084307796067e-06
1.492027538555855e-07
1.492027538555855e-07
-1.6460905153313259
-1.6460905153313259
-0.21676912136050203
-0.21676912136050203
-1.6746362628952127
-1.6746362628952127
1.4255623028286144
1.4255623028286144
0.187728369096772
0.187728369096772
0.024721431321387637
0.024721431321387637
0
-1.6460905349794253
-1.6460905349794253
-0.21676912394790787
-0.21676912394790787
-0.028545728256516394
-0.028545728256516394
-0.0037591082477739235
-0.0037591082477739235
-0.0004950266005288029
-0.0004950266005288029
-6.518868813643053e-05
-6.518868813643053e-05
1.6460819504608242
1.6460819504608242
0.2167679934763219
0.2167679934763219
0.028545579387830127
0.028545579387830127
0
0.0
0.0
-1.6460905349794253
-1.6460905349794253
-0.21676912394790787
-0.21676912394790787
-0.028545728256516394
-0.028545728256516394
-0.0037591082477739235
-0.0037591082477739235
-0.0004950266005288029
-0.0004950266005288029
-6.518868813643053e-05
-6.518868813643053e-05
-8.584518607079872e-06
-8.584518607079872e-06
-1.130471585971312e-06
-1.130471585971312e-06
-1.4886868626717842e-07
-1.4886868626717842e-07
-1.9604105006010286e-08
-1.9604105006010286e-08
-2.5816090006477075e-09
-2.5816090006477075e-09
-3.399650931138846e-10
-3.399650931138846e-10
-4.4770113542350984e-11
-4.4770113542350984e-11
-5.8975047068088315e-12
-5.8975047068088315e-12
-7.756758198714427e-13
-7.756758198714427e-13
-1.0066022089934753e-13
-1.0066022089934753e-13
-1.1842378929335004e-14
-1.1842378929335004e-14
1.6460905349794253
1.6460905349794253
0
0.0
0.0
0.0
0.0
0.0
0.0
0.0
0.0
0.0
0.0
0
-1.6460905349794253
-1.6460905349794253
-0.21676912394790787
-0.21676912394790787
-0.028545728256516394
-0.028545728256516394
-0.0037591082477739235
-0.0037591082477739235
-0.0004950266005288029
-0.0004950266005288029
-6.518868813643053e-05
-6.518868813643053e-05
-8.584518607079872e-06
-8.584518607079872e-06
-1.130471585971312e-06
-1.130471585971312e-06
-1.4886868626717842e-07
-1.4886868626717842e-07
-1.9604105006010286e-08
-1.9604105006010286e-08
-2.5816090006477075e-09
-2.5816090006477075e-09
1.6460905346394603
1.6460905346394603
0.21676912390313774
0.21676912390313774
-1.6175448067288065
-1.6175448067288065
-0.2130100157009096
-0.2130100157009096
-0.02805070165608825
-0.02805070165608825
1.642396615419776
1.642396615419776
1.8623732168453997
1.8623732168453997
0.24525079398786787
0.24525079398786787
0.03229640085436951
0.03229640085436951
-1.6418375109985976
-1.6418375109985976
-0.2162090549463199
-0.2162090549463199
-1.674562509293344
-1.674562509293344
-0.22051851974233355
-0.22051851974233355
-0.029039475850840546
-0.029039475850840546
-0.0038241285071075977
-0.0038241285071075977
-0.0005035889392068782
-0.0005035889392068782
-6.631623890622033e-05
-6.631623890622033e-05
1.6460818019767665
1.6460818019767665
0.21676797392286673
0.21676797392286673
0
0.0
0.0
0.0
0.0
-1.6460905349794253
-1.6460905349794253
-0.21676912394790787
-0.21676912394790787
1.617544806722909
1.617544806722909
0.21301001570013395
0.21301001570013395
1.674141236635413
1.674141236635413
0
0.0
0.0
-1.6460905349794253
-1.6460905349794253
1.4293214110315176
1.4293214110315176
-1.4578671392880338
-1.4578671392880338
-0.19198250393916538
-0.19198250393916538
-0.025281646609271274
-0.025281646609271274
-0.003329270335381551
-0.003329270335381551
1.6456521125484258
1.6456521125484258
0.21671138930678663
0.21671138930678663
1.6746286603202343
1.6746286603202343
0.22052723098867116
0.22052723098867116
0.029040623010854937
0.029040623010854937
-1.642266255405982
-1.642266255405982
0
0.0
0.0
-1.6460905349794253
-1.6460905349794253
1.4293214110315176
1.4293214110315176
0.18822339569139146
0.18822339569139146
0.02478662000874247
0.02478662000874247
0.0032640816472391996
0.0032640816472391996
0.00042983791239237235
0.00042983791239237235
5.660416953527185e-05
5.660416953527185e-05
0
0.0
0.0
0.0
0.0
0.0
0.0
-1.6460905349794253
-1.6460905349794253
-0.21676912394790787
-0.21676912394790787
-0.028545728256516394
-0.028545728256516394
1.6423314267316513
1.6423314267316513
0.21627409734737907
0.21627409734737907
0
1.6460905349794253
1.6460905349794253
0.21676912394790787
0.21676912394790787
0
0.0
0.0
0.0
0.0
0.0
0.0
0
-1.6460905349794253
-1.6460905349794253
1.4293214110315176
1.4293214110315176
0.18822339569139146
0.18822339569139146
0.02478662000874247
0.02478662000874247
0.0032640816472391996
0.0032640816472391996
0
0.0
0.0
0.0
0.0
0.0
0.0
0.0
0.0
0.0
0.0
0
-1.6460905349794253
-1.6460905349794253
-0.21676912394790787
-0.21676912394790787
-0.028545728256516394
-0.028545728256516394
-0.0037591082477739235
-0.0037591082477739235
1.6455955083788907
1.6455955083788907
0.21670393525977144
0.21670393525977144
1.6746276787173346
1.6746276787173346
0.22052710172409581
0.22052710172409581
0.02904060598835893
0.02904060598835893
0
-1.6460905349794253
-1.6460905349794253
-0.21676912394790787
-0.21676912394790787
-0.028545728256516394
-0.028545728256516394
1.6423314267316513
1.6423314267316513
0.21627409734737907
0.21627409734737907
-1.6176099954110454
-1.6176099954110454
-0.2130186002187351
-0.2130186002187351
0
0.0
0.0
0.0
0.0
0.0
0.0
1.6460905349794253
1.6460905349794253
-1.4293214110315176
-1.4293214110315176
-0.18822339569139146
-0.18822339569139146
-1.6708771549881678
-1.6708771549881678
1.4260573293842724
1.4260573293842724
0.1877935577789991
0.1877935577789991
-1.6213605191402123
-1.6213605191402123
-0.21351249634768385
-0.21351249634768385
-0.028116871947017806
-0.028116871947017806
-0.003702633342813992
-0.003702633342813992
-0.0004875895760096209
-0.0004875895760096209
-6.420932688063394e-05
-6.420932688063394e-05
1.6460820794302045
1.6460820794302045
-1.42932252451948
-1.42932252451948
-0.18822354232354974
-0.18822354232354974
-0.024786639318327513
-0.024786639318327513
-0.0032640841900703306
-0.0032640841900703306
-0.00042983824725340014
-0.00042983824725340014
1.646033930765795
1.646033930765795
0.216761669895084
0.216761669895084
0.028544746652852858
0.028544746652852858
0
0.0
0.0
0.0
0.0
-1.6460905349794253
-1.6460905349794253
-0.21676912394790787
-0.21676912394790787
-0.028545728256516394
-0.028545728256516394
-0.0037591082477739235
-0.0037591082477739235
-0.0004950266005288029
-0.0004950266005288029
-6.518868813643053e-05
-6.518868813643053e-05
-8.584518607079872e-06
-8.584518607079872e-06
-1.130471585971312e-06
-1.130471585971312e-06
1.646090386110739
1.646090386110739
0.21676910434380287
0.21676910434380287
1.6746362606543268
1.6746362606543268
0
-1.6460905349794253
-1.6460905349794253
1.4293214110315176
1.4293214110315176
-1.4578671392880338
-1.4578671392880338
-0.19198250393916538
-0.19198250393916538
-0.025281646609271274
-0.025281646609271274
1.6427612646440497
1.6427612646440497
0.21633070151690842
0.21633070151690842
0.02848799361539515
0.02848799361539515
0
-1.6460905349794253
-1.6460905349794253
-0.21676912394790787
-0.21676912394790787
-0.028545728256516394
-0.028545728256516394
-0.0037591082477739235
-0.0037591082477739235
-0.0004950266005288029
-0.0004950266005288029
-6.518868813643053e-05
-6.518868813643053e-05
-8.584518607079872e-06
-8.584518607079872e-06
-1.130471585971312e-06
-1.130471585971312e-06
-1.4886868626717842e-07
-1.4886868626717842e-07
-1.9604105006010286e-08
-1.9604105006010286e-08
-2.5816090006477075e-09
-2.5816090006477075e-09
-3.399650931138846e-10
-3.399650931138846e-10
-4.4770113542350984e-11
-4.4770113542350984e-11
-5.8975047068088315e-12
-5.8975047068088315e-12
-7.756758198714427e-13
-7.756758198714427e-13
1.6460905349793187
1.6460905349793187
-1.4293214110315293
-1.4293214110315293
-0.1882233956913974
-0.1882233956913974
-0.02478662000874247
-0.02478662000874247
-0.0032640816472391996
-0.0032640816472391996
-0.00042983791239237235
-0.00042983791239237235
1.6460339308098901
1.6460339308098901
1.862852204880318
1.862852204880318
0
0.0
0.0
0.0
0.0
0.0
0.0
0.0
0.0
0
0.0
0.0
0.0
0.0
0.0
0.0
0.0
0.0
0
0
0
0
0
0
0
0.0
0.0
0.0
0.0
-1.6460905349794253
-1.6460905349794253
0
0
0
0
0
0
0
0
0
0
0
0
0
0.0
0.0
0.0
0.0
0.0
0.0
0
0
0
0
0
0.0
0.0
-1.6460905349794253
-1.6460905349794253
0
0
0
0
-1.404534791022775
-1.404534791022775
-0.18495931404415228
-0.18495931404415228
0
0
0
0.0
0.0
0.0
0.0
0.0
0.0
0.0
0.0
0.0
0.0
0
0.0
0.0
-1.6460905349794253
-1.6460905349794253
-0.21676912394790787
-0.21676912394790787
-0.028545728256516394
-0.028545728256516394
-0.0037591082477739235
-0.0037591082477739235
-0.0004950266005288029
-0.0004950266005288029
0
0
0
0
0
0
-1.6423315756003436
-1.6423315756003436
-0.21627411695148407
-0.21627411695148407
-0.028480542149988963
-0.028480542149988963
0
0
0
0
-1.6176098465482567
-1.6176098465482567
0
0.0
0.0
0.0
0.0
0.0
0.0
-1.6460905349794253
-1.6460905349794253
-0.21676912394790787
-0.21676912394790787
-0.028545728256516394
-0.028545728256516394
-0.0037591082477739235
-0.0037591082477739235
0
0
0
0
0
0
0
-1.4293214110315176
-1.4293214110315176
-0.18822339569139146
-0.18822339569139146
-0.02478662000874247
-0.02478662000874247
0
0
0
0
0
0
0
0
0
0
0
0
0
0
0
0
0
0
0
0
-1.6460905324029322
-1.6460905324029322
0
0.0
0.0
0
0
-1.4293214110315176
-1.4293214110315176
-0.18822339569139146
-0.18822339569139146
-1.6708771549881678
-1.6708771549881678
0
0
0
0
0
0
0
0
0
0
-1.6460905349794253
-1.6460905349794253
-0.21676912394790787
-0.21676912394790787
-0.028545728256516394
-0.028545728256516394
0
0
0
0
0
0
0
0
0
0
0
0
0
0
0
0
-1.6460251977625677
-1.6460251977625677
-1.8628510548493913
-1.8628510548493913
0
0
-1.4616260983279261
-1.4616260983279261
-0.19247751089091975
-0.19247751089091975
0
0
0
-1.6460905349794253
-1.6460905349794253
-0.21676912394790787
-0.21676912394790787
-0.028545728256516394
-0.028545728256516394
-0.0037591082477739235
-0.0037591082477739235
0
0
-1.429386599719648
-1.429386599719648
-0.18823198020999263
-0.18823198020999263
-0.02478775048032844
-0.02478775048032844
-0.0032642305159254668
-0.0032642305159254668
-0.00042985751649737836
-0.00042985751649737836
-5.6606751144272494e-05
-5.6606751144272494e-05
-7.454386980280485e-06
-7.454386980280485e-06
0
0
-1.4293215403019903
-1.4293215403019903
0
0
0
0
0
0
0
0
0
0
0
0
0.0
0.0
-1.6460905349794253
-1.6460905349794253
-0.21676912394790787
-0.21676912394790787
0
0
0
0
0
0
0
0.0
0.0
0.0
0.0
0.0
0.0
-1.6460905349794253
-1.6460905349794253
0
0
0
0.0
0.0
0.0
0.0
-1.6460905349794253
-1.6460905349794253
-0.21676912394790787
-0.21676912394790787
-0.028545728256516394
-0.028545728256516394
-0.0037591082477739235
-0.0037591082477739235
-0.0004950266005288029
-0.0004950266005288029
0
0.0
0.0
0
0
0
0
0
0
-1.6423314267316513
-1.6423314267316513
0
0
0
0
0
0
-1.6460905349794253
-1.6460905349794253
-0.21676912394790787
-0.21676912394790787
0
0
-1.4330805192792855
-1.4330805192792855
0
0
0
0
0
0
0
0
0
0.0
0.0
0.0
0.0
0
0
0
0
0
0
-1.6423314267316513
-1.6423314267316513
-0.21627409734737907
-0.21627409734737907
0
0
0
0
0
0
-1.6423964665511015
-1.6423964665511015
-0.2162826622618693
-0.2162826622618693
0
0.0
0.0
-1.6460905349794253
-1.6460905349794253
-0.21676912394790787
-0.21676912394790787
-0.028545728256516394
-0.028545728256516394
-0.0037591082477739235
-0.0037591082477739235
-0.0004950266005288029
-0.0004950266005288029
0
0
0
-1.6460905349794253
-1.6460905349794253
-0.21676912394790787
-0.21676912394790787
-0.028545728256516394
-0.028545728256516394
-0.0037591082477739235
-0.0037591082477739235
0
0
0
0
-1.617553391241516
-1.617553391241516
-0.2130111461717199
-0.2130111461717199
0
0
0
0
0
0.0
0.0
0.0
0.0
0
0
-1.4293214110315176
-1.4293214110315176
0
0
0
0
0
0
-1.6427612646440497
-1.6427612646440497
0
0
0
0
-1.6212963120549815
-1.6212963120549815
0
0
0
0
0
0
0
0
0
0.0
0.0
0.0
0.0
0.0
0.0
-1.6460905349794253
-1.6460905349794253
-0.21676912394790787
-0.21676912394790787
0
0.0
0.0
0.0
0.0
0.0
0.0
0.0
0.0
0.0
0.0
0.0
0.0
-1.6460905349794253
-1.6460905349794253
-0.21676912394790787
-0.21676912394790787
-0.028545728256516394
-0.028545728256516394
-0.0037591082477739235
-0.0037591082477739235
0
0
0
0
0
0
0
0
0
0
-1.642266257647626
-1.642266257647626
0
0
0
0.0
0.0
-1.6460905349794253
-1.6460905349794253
0
0
0
0
-1.621303914970683
-1.621303914970683
0
0.0
0.0
0.0
0.0
-1.6460905349794253
-1.6460905349794253
0
0
0
0
0
0
0
0
0
0
-1.6460339308098901
-1.6460339308098901
-0.21676166990089268
-0.21676166990089268
0
0
0
0
0
0
0
0
0
0
0
0
0
0
0
0
0
0
0
0.0
0.0
0.0
0.0
0.0
0.0
0.0
0.0
0.0
0.0
0
-1.6460905349794253
-1.6460905349794253
-0.21676912394790787
-0.21676912394790787
0
0
0
0
0
0
0
0
0
0
0
-1.6460905349794253
-1.6460905349794253
-0.21676912394790787
-0.21676912394790787
0
0
0
0.0
0.0
0
0
0
0
0
0
0
0.0
0.0
0.0
0.0
-1.6460905349794253
-1.6460905349794253
-0.21676912394790787
-0.21676912394790787
-0.028545728256516394
-0.028545728256516394
-0.0037591082477739235
-0.0037591082477739235
-0.0004950266005288029
-0.0004950266005288029
0
-1.6460905349794253
-1.6460905349794253
-0.21676912394790787
-0.21676912394790787
-0.028545728256516394
-0.028545728256516394
-0.0037591082477739235
-0.0037591082477739235
-0.0004950266005288029
-0.0004950266005288029
-6.518868813643053e-05
-6.518868813643053e-05
0
0
0
0
0
0
-1.6423314463357563
-1.6423314463357563
0
0
0
-1.6460905349794253
-1.6460905349794253
-0.21676912394790787
-0.21676912394790787
-0.028545728256516394
-0.028545728256516394
-0.0037591082477739235
-0.0037591082477739235
0
0
0
0
0
0
-1.6423325572032375
-1.6423325572032375
-0.21627424621606534
-0.21627424621606534
-0.02848055917248497
-0.02848055917248497
-0.0037505263107817655
-0.0037505263107817655
-0.0004938964689079247
-0.0004938964689079247
-6.50398642143557e-05
-6.50398642143557e-05
-8.56492039365738e-06
-8.56492039365738e-06
-1.127890752646484e-06
-1.127890752646484e-06
-1.485288277554749e-07
-1.485288277554749e-07
0
0
-1.429321413607235
-1.429321413607235
-0.1882233960305809
-0.1882233960305809
-0.024786620053406004
-0.024786620053406004
-0.0032640816531248618
-0.0032640816531248618
-0.0004298379131680482
-0.0004298379131680482
-5.660416963593207e-05
-5.660416963593207e-05
-7.454047032950939e-06
-7.454047032950939e-06
-9.816029056253228e-07
-9.816029056253228e-07
-1.2926458126116813e-07
-1.2926458126116813e-07
-1.702249600536258e-08
-1.702249600536258e-08
-2.2416498287232875e-09
-2.2416498287232875e-09
-2.951949795715336e-10
-2.951949795715336e-10
0
0
0
-1.6460905349794253
-1.6460905349794253
-0.21676912394790787
-0.21676912394790787
-0.028545728256516394
-0.028545728256516394
-0.0037591082477739235
-0.0037591082477739235
-0.0004950266005288029
-0.0004950266005288029
-6.518868813643053e-05
-6.518868813643053e-05
-8.584518607079872e-06
-8.584518607079872e-06
-1.130471585971312e-06
-1.130471585971312e-06
-1.4886868626717842e-07
-1.4886868626717842e-07
-1.9604105006010286e-08
-1.9604105006010286e-08
-2.5816090006477075e-09
-2.5816090006477075e-09
-3.399650931138846e-10
-3.399650931138846e-10
-4.4770113542350984e-11
-4.4770113542350984e-11
-5.8975047068088315e-12
-5.8975047068088315e-12
-7.756758198714427e-13
-7.756758198714427e-13
-1.0066022089934753e-13
-1.0066022089934753e-13
-1.1842378929335004e-14
-1.1842378929335004e-14
-5.921189464667502e-15
-5.921189464667502e-15
-5.921189464667502e-15
-5.921189464667502e-15
-5.921189464667502e-15
-5.921189464667502e-15
-5.921189464667502e-15
-5.921189464667502e-15
0
0
0
0
0
0
0
0
0
0
0
0
0
0
0
0
0
0.0
0.0
0
0
0
0
0
0
-1.6423314267316513
-1.6423314267316513
-0.21627409734737907
-0.21627409734737907
-0.028480539568379964
-0.028480539568379964
0
0.0
0.0
0.0
0.0
0.0
0.0
-1.6460905349794253
-1.6460905349794253
-0.21676912394790787
-0.21676912394790787
-0.028545728256516394
-0.028545728256516394
-0.0037591082477739235
-0.0037591082477739235
-0.0004950266005288029
-0.0004950266005288029
-6.518868813643053e-05
-6.518868813643053e-05
-8.584518607079872e-06
-8.584518607079872e-06
-1.130471585971312e-06
-1.130471585971312e-06
-1.4886868626717842e-07
-1.4886868626717842e-07
-1.9604105006010286e-08
-1.9604105006010286e-08
-2.5816090006477075e-09
-2.5816090006477075e-09
-3.399650931138846e-10
-3.399650931138846e-10
0
0
0
0
0
0
0
0
0
0
0
0
-1.617536222204302
-1.617536222204302
-0.21300888522854797
-0.21300888522854797
-1.6741410877667207
-1.6741410877667207
-0.22046302390344036
-0.22046302390344036
0
0.0
0.0
0
0
0
0
-1.617544806722909
-1.617544806722909
0
0
0
0
0
0
0
0
0
0
0
0
0
0.0
0.0
0.0
0.0
0.0
0.0
0.0
0.0
0
0
0
0
0
0
-1.6460905349794253
-1.6460905349794253
0
0
0
0
0
0
-1.6428264533321801
-1.6428264533321801
0
0
0
0
0
0
0
0
-1.6456605678024459
-1.6456605678024459
-0.21671250275587658
-0.21671250275587658
0
0
0
0
-1.401270580072076
-1.401270580072076
-0.18452945910414206
-0.18452945910414206
-0.024300175684495905
-0.024300175684495905
0
0
0
0
0
0
0
0
0
0
0
0
0
0
-1.6460894067054888
-1.6460894067054888
-0.21676897536862566
-0.21676897536862566
-0.028545708690514243
-0.028545708690514243
0
0
-1.4298164372927444
-1.4298164372927444
0
0.0
0.0
0.0
0.0
0.0
0.0
0
0
0
-1.4293214110315176
-1.4293214110315176
-0.18822339569139146
-0.18822339569139146
-0.02478662000874247
-0.02478662000874247
-0.0032640816472391996
-0.0032640816472391996
-0.00042983791239237235
-0.00042983791239237235
0
0.0
0.0
0.0
0.0
0
0
0
-1.6460905349794253
-1.6460905349794253
-0.21676912394790787
-0.21676912394790787
-0.028545728256516394
-0.028545728256516394
-0.0037591082477739235
-0.0037591082477739235
-0.0004950266005288029
-0.0004950266005288029
-6.518868813643053e-05
-6.518868813643053e-05
-8.584518607079872e-06
-8.584518607079872e-06
-1.130471585971312e-06
-1.130471585971312e-06
0
0
-1.4293214306356226
-1.4293214306356226
-0.18822339827300638
-0.18822339827300638
-0.024786620348707565
-0.024786620348707565
-0.0032640816920152345
-0.0032640816920152345
-0.00042983791828987705
-0.00042983791828987705
0
0
-1.4293288650786333
-1.4293288650786333
0
0.0
0.0
0
0
0
0
0
0
-1.6423314267316513
-1.6423314267316513
-0.21627409734737907
-0.21627409734737907
-0.028480539568379964
-0.028480539568379964
-1.649841058708592
-1.649841058708592
-0.2172630200768507
-0.2172630200768507
-0.028610768075960635
-0.028610768075960635
0
0
0
0
0
0.0
0.0
0.0
0.0
0.0
0.0
0.0
0.0
0.0
0.0
0.0
0.0
0
0
0
0
0
0
0
0
0
0
0
0
0
0.0
0.0
-1.6460905349794253
-1.6460905349794253
-0.21676912394790787
-0.21676912394790787
-0.028545728256516394
-0.028545728256516394
-0.0037591082477739235
-0.0037591082477739235
-0.0004950266005288029
-0.0004950266005288029
0
0
0
0
0
0
0
0
0
0
-1.42925622492499
-1.42925622492499
-1.8343053464921808
-1.8343053464921808
-0.24155461352983448
-0.24155461352983448
-0.03180966104096683
-0.03180966104096683
0
0
0
0
0
0
0
0
0
0
0
0
0
0
0
0
0
0
0
0
0
0
0
0
0
0
-1.6460905349794253
-1.6460905349794253
0
0
-1.4578671392880338
-1.4578671392880338
-0.19198250393916538
-0.19198250393916538
0
0
0
0
0
0
0
0.0
0.0
0
0
0
0
0
0.0
0.0
0.0
0.0
0.0
0.0
0.0
0.0
0
0.0
0.0
-1.6460905349794253
-1.6460905349794253
0
0
0
0.0
0.0
0.0
0.0
0.0
0.0
0.0
0.0
-1.6460905349794253
-1.6460905349794253
-0.21676912394790787
-0.21676912394790787
-0.028545728256516394
-0.028545728256516394
-0.0037591082477739235
-0.0037591082477739235
0
0
0
0
-1.617553391241516
-1.617553391241516
0
0
-1.4573722615561855
-1.4573722615561855
-0.1919173348551399
-0.1919173348551399
-0.025273064672285038
-0.025273064672285038
-0.003328140203754752
-0.003328140203754752
0
0
0
0
0
0
-1.6423324275987916
-1.6423324275987916
-0.21627422914881106
-0.21627422914881106
-0.02848055692494948
-0.02848055692494948
-0.0037505260148111104
-0.0037505260148111104
-0.0004938964299346557
-0.0004938964299346557
-6.503985908660563e-05
-6.503985908660563e-05
0
0
0
0
0
0
0
0
0
0
0
0
0
0
0
0
0
0
0
0
0
0
0
0
0
0
0
0
0
-1.6460905153753145
-1.6460905153753145
0
0
0
0
0
-1.6460905349794253
-1.6460905349794253
0
0
0
0
0
0
-1.6428264533321801
-1.6428264533321801
-0.21633928603550956
-0.21633928603550956
-0.02848912408698112
-0.02848912408698112
-0.003751654200752815
-0.003751654200752815
-0.0004940449976290988
-0.0004940449976290988
-6.505942355516936e-05
-6.505942355516936e-05
-8.567496105153321e-06
-8.567496105153321e-06
-1.128229942063778e-06
-1.128229942063778e-06
0
0.0
0.0
0.0
0.0
0.0
0.0
0
0
0
-1.6460905349794253
-1.6460905349794253
-0.21676912394790787
-0.21676912394790787
-0.028545728256516394
-0.028545728256516394
-0.0037591082477739235
-0.0037591082477739235
-0.0004950266005288029
-0.0004950266005288029
-6.518868813643053e-05
-6.518868813643053e-05
-8.584518607079872e-06
-8.584518607079872e-06
-1.130471585971312e-06
-1.130471585971312e-06
-1.4886868626717842e-07
-1.4886868626717842e-07
-1.9604105006010286e-08
-1.9604105006010286e-08
-2.5816090006477075e-09
-2.5816090006477075e-09
0
0
0
0
0
0
0
0
0
0
0
0
-1.6460819504608242
-1.6460819504608242
-0.2167679934763219
-0.2167679934763219
-0.028545579387830127
-0.028545579387830127
-0.0037590886436629964
-0.0037590886436629964
0
-1.6460905349794253
-1.6460905349794253
0
0
0
0
0
0.0
0.0
0.0
0.0
0
0
0
0
-1.617544806722909
-1.617544806722909
-1.8591005506795593
-1.8591005506795593
-0.24481982560388954
-0.24481982560388954
0
0
-1.4335669613612132
-1.4335669613612132
-0.18878248050847074
-0.18878248050847074
-0.02486024434679379
-0.02486024434679379
-0.0032737770333213234
-0.0032737770333213234
-0.0004311146710556102
-0.0004311146710556102
0
0.0
0.0
-1.6460905349794253
-1.6460905349794253
-0.21676912394790787
-0.21676912394790787
-0.028545728256516394
-0.028545728256516394
-0.0037591082477739235
-0.0037591082477739235
0
0
0
0
0
-1.6460905349794253
-1.6460905349794253
-0.21676912394790787
-0.21676912394790787
-0.028545728256516394
-0.028545728256516394
-0.0037591082477739235
-0.0037591082477739235
-0.0004950266005288029
-0.0004950266005288029
-6.518868813643053e-05
-6.518868813643053e-05
-8.584518607079872e-06
-8.584518607079872e-06
-1.130471585971312e-06
-1.130471585971312e-06
-1.4886868626717842e-07
-1.4886868626717842e-07
-1.9604105006010286e-08
-1.9604105006010286e-08
0
0
0
0
0
0
0
0
0
0
0
0
0
-1.6423314267316513
-1.6423314267316513
0
0
0
0
0
0.0
0.0
0.0
0.0
0.0
0.0
0.0
0.0
0.0
0.0
-1.6460905349794253
-1.6460905349794253
-0.21676912394790787
-0.21676912394790787
-0.028545728256516394
-0.028545728256516394
-0.0037591082477739235
-0.0037591082477739235
-0.0004950266005288029
-0.0004950266005288029
0
0
0
0
-1.400776813246587
-1.400776813246587
-0.18446443631230974
-0.18446443631230974
-0.024291613012324596
-0.024291613012324596
0
0
0
0
0
0
0
0
0
0
0
0
0
0
0
0
0
0
-1.6460905349794253
-1.6460905349794253
-0.21676912394790787
-0.21676912394790787
-0.028545728256516394
-0.028545728256516394
-0.0037591082477739235
-0.0037591082477739235
-0.0004950266005288029
-0.0004950266005288029
-6.518868813643053e-05
-6.518868813643053e-05
-8.584518607079872e-06
-8.584518607079872e-06
-1.130471585971312e-06
-1.130471585971312e-06
-1.4886868626717842e-07
-1.4886868626717842e-07
0
0
0
0
-1.617544807062874
-1.617544807062874
-0.21301001574490996
-0.21301001574490996
-0.028050701661879174
-0.028050701661879174
-0.003693919560413169
-0.003693919560413169
-0.0004864420820283044
-0.0004864420820283044
-6.40582165623016e-05
-6.40582165623016e-05
0
0
0
0
0
0
0
0
0
0
0
0
0
0
0
0
0
0
0
0
0
0.0
0.0
0.0
0.0
0.0
0.0
0.0
0.0
-1.6460905349794253
-1.6460905349794253
-0.21676912394790787
-0.21676912394790787
-0.028545728256516394
-0.028545728256516394
0
0
0
0
0
0
0
0
0
0.0
0.0
0.0
0.0
0.0
0.0
0
0
-1.4293214110315176
-1.4293214110315176
-0.18822339569139146
-0.18822339569139146
-0.02478662000874247
-0.02478662000874247
0
0.0
0.0
0.0
0.0
0.0
0.0
0.0
0.0
0
0
0
0
-1.617544806722909
-1.617544806722909
-1.8591005506795593
-1.8591005506795593
-0.24481982560388954
-0.24481982560388954
-0.03223964781615389
-0.03223964781615389
-0.004245550329701568
-0.004245550329701568
0
0
0
0
0
0
0
0
0
0
0
0
0
0
-1.6460808203731918
-1.6460808203731918
-0.21676784465819665
-0.21676784465819665
-0.028545559790380537
-0.028545559790380537
-0.003759086062930332
-0.003759086062930332
0
0.0
0.0
0.0
0.0
0.0
0.0
0.0
0.0
0
0.0
0.0
-1.6460905349794253
-1.6460905349794253
0
0
0
0
0
0
0
0
0
0
-1.6460339308098901
-1.6460339308098901
-0.21676166990089268
-0.21676166990089268
-0.02854474665361669
-0.02854474665361669
-0.0037589789831926623
-0.0037589789831926623
-0.0004950095780327975
-0.0004950095780327975
-6.5186446492523e-05
-6.5186446492523e-05
-8.584223406179111e-06
-8.584223406179111e-06
-1.1304327133624763e-06
-1.1304327133624763e-06
0
0
0
0
0
0.0
0.0
0.0
0.0
0.0
0.0
-1.6460905349794253
-1.6460905349794253
0
0
0
0
-1.404534791022775
-1.404534791022775
-0.18495931404415228
-0.18495931404415228
-1.6704473170757754
-1.6704473170757754
-0.2199766014256177
-0.2199766014256177
-0.02896811212189358
-0.02896811212189358
-0.0038147308144035703
-0.0038147308144035703
0
-1.6460905349794253
-1.6460905349794253
-0.21676912394790787
-0.21676912394790787
-0.028545728256516394
-0.028545728256516394
0
0
0
0
0
0
0
0
0
-1.6460905349794253
-1.6460905349794253
-0.21676912394790787
-0.21676912394790787
-0.028545728256516394
-0.028545728256516394
-0.0037591082477739235
-0.0037591082477739235
-0.0004950266005288029
-0.0004950266005288029
-6.518868813643053e-05
-6.518868813643053e-05
-8.584518607079872e-06
-8.584518607079872e-06
-1.130471585971312e-06
-1.130471585971312e-06
-1.4886868626717842e-07
-1.4886868626717842e-07
-1.9604105006010286e-08
-1.9604105006010286e-08
0
0
0
0
0
0
0
0
0
0
0
0
0
0
0
0
0
0
0
0
0
0
0
0
0
0.0
0.0
-1.6460905349794253
-1.6460905349794253
0
0
-1.4578671392880338
-1.4578671392880338
-0.19198250393916538
-0.19198250393916538
0
0
-1.432650681366893
-1.432650681366893
0
0
-1.4541657656813753
-1.4541657656813753
-0.19149508025433803
-0.19149508025433803
-0.025217459128145474
-0.025217459128145474
0
0.0
0.0
0.0
0.0
0.0
0.0
0
0
0
-1.6460905349794253
-1.6460905349794253
0
0
0
0
0
0
-1.6428264533321801
-1.6428264533321801
0
0
-1.4578105351184987
-1.4578105351184987
0
0
0
0
0
0
0
0
0
0
-1.617487220655279
-1.617487220655279
-0.21300243234966487
-0.21300243234966487
-0.028049703025470052
-0.028049703025470052
-1.6497843230321627
-1.6497843230321627
-0.21725554871204977
-0.21725554871204977
0
0
-1.4330889546288894
-1.4330889546288894
0
0
0
-1.6460905349794253
-1.6460905349794253
-0.21676912394790787
-0.21676912394790787
-0.028545728256516394
-0.028545728256516394
-0.0037591082477739235
-0.0037591082477739235
-0.0004950266005288029
-0.0004950266005288029
0
0
0
0
-1.617545937194495
-1.617545937194495
-0.21301016456882021
-0.21301016456882021
-0.028050721260092597
-0.028050721260092597
-0.0036939221412464938
-0.0036939221412464938
-0.00048644242189273734
-0.00048644242189273734
-6.405826131465157e-05
-6.405826131465157e-05
-8.435655812396211e-06
-8.435655812396211e-06
-1.1108682566411214e-06
-1.1108682566411214e-06
0
0
0
0
0
0
0
0
-1.6170497801663746
-1.6170497801663746
-0.21294482701779435
-0.21294482701779435
0
0.0
0.0
0.0
0.0
0.0
0.0
0.0
0.0
0.0
0.0
0.0
0.0
0.0
0.0
0.0
0.0
0
0.0
0.0
0.0
0.0
0.0
0.0
-1.6460905349794253
-1.6460905349794253
-0.21676912394790787
-0.21676912394790787
-0.028545728256516394
-0.028545728256516394
-0.0037591082477739235
-0.0037591082477739235
-0.0004950266005288029
-0.0004950266005288029
0
0
-1.4293299955501186
-1.4293299955501186
-0.18822452616297744
-0.18822452616297744
0
0
0
0
0
0
0
0
-1.6170572342141654
-1.6170572342141654
0
0
0
0
0
0
0
-1.6423314267316513
-1.6423314267316513
0
-1.6460905349794253
-1.6460905349794253
-0.21676912394790787
-0.21676912394790787
-0.028545728256516394
-0.028545728256516394
-0.0037591082477739235
-0.0037591082477739235
0
0
0
0
0
0
0
0
-1.428826533299669
-1.428826533299669
-1.8342487615867853
-1.8342487615867853
-0.24154716201965817
-0.24154716201965817
-0.03180867977213472
-0.03180867977213472
-0.004188797336244221
-0.004188797336244221
-0.0005516111718506522
-0.0005516111718506522
-7.264015431829307e-05
-7.264015431829307e-05
0
0
0
0
0
0
0
0
0
0
0
0
0
-1.6460905349794253
-1.6460905349794253
-0.21676912394790787
-0.21676912394790787
0
0
0
0
0
-1.6460905349794253
-1.6460905349794253
0
0
-1.4578671392880338
-1.4578671392880338
0
0
0
0
0
0
-1.6427698491626508
-1.6427698491626508
0
0
0
0
-1.6212963316590805
-1.6212963316590805
-0.21350404367527295
-0.21350404367527295
-0.028115758837892933
-0.028115758837892933
-0.0037024867605417455
-0.0037024867605417455
-0.00048757027299117794
-0.00048757027299117794
-6.420678491991794e-05
-6.420678491991794e-05
-8.45521447227308e-06
-8.45521447227308e-06
-1.1134438793192203e-06
-1.1134438793192203e-06
-1.466263555016667e-07
-1.466263555016667e-07
-1.9308821208596783e-08
-1.9308821208596783e-08
0
0.0
0.0
-1.6460905349794253
-1.6460905349794253
0
0
-1.4578671392880338
-1.4578671392880338
-0.19198250393916538
-0.19198250393916538
-0.025281646609271274
-0.025281646609271274
0
0
0
0
0
0
0
0
0
0
0
0
0
0
-1.4293202828463456
-1.4293202828463456
-0.18822324712379768
-0.18822324712379768
0
0.0
0.0
0.0
0.0
0
0
0
0.0
0.0
0
0
0
0.0
0.0
0.0
0.0
0
0
0
0
0
0
0
0
0
0
-1.6460253462912888
-1.6460253462912888
0
0
0
0.0
0.0
-1.6460905349794253
-1.6460905349794253
-0.21676912394790787
-0.21676912394790787
-0.028545728256516394
-0.028545728256516394
-0.0037591082477739235
-0.0037591082477739235
-0.0004950266005288029
-0.0004950266005288029
0
0
0
0
0
0
-1.6423315756003436
-1.6423315756003436
0
0
0
-1.6460905349794253
-1.6460905349794253
-0.21676912394790787
-0.21676912394790787
0
0
-1.4330805192792855
-1.4330805192792855
-0.1887184222919262
-0.1887184222919262
-0.0248518086968789
-0.0248518086968789
-0.0032726661658403584
-0.0032726661658403584
0
0
0
0
-1.617552280374035
-1.617552280374035
-0.21301099988464856
-0.21301099988464856
-0.028050831260528025
-0.028050831260528025
0
0.0
0.0
0.0
0.0
0
0
0
0.0
0.0
0.0
0.0
0.0
0.0
0
-1.6460905349794253
-1.6460905349794253
-0.21676912394790787
-0.21676912394790787
0
0
-1.4330805192792855
-1.4330805192792855
-0.1887184222919262
-0.1887184222919262
-0.0248518086968789
-0.0248518086968789
-0.0032726661658403584
-0.0032726661658403584
0
0
-1.4293781640697332
-1.4293781640697332
-0.1882308693425176
-0.1882308693425176
-0.024787604193251177
-0.024787604193251177
-0.0032642112517855537
-0.0032642112517855537
-0.0004298549796584913
-0.0004298549796584913
-5.660641707668409e-05
-5.660641707668409e-05
-7.4543429858427625e-06
-7.4543429858427625e-06
0
0
0
0
0
0
0
0
0
0
0
0
0
0
0
0
0
0
0
0
0
0
0
0
0
0
0
0
-1.6460905349794253
-1.6460905349794253
0
0
0
0
0
0.0
0.0
0
0
-1.4293214110315176
-1.4293214110315176
0
0.0
0.0
-1.6460905349794253
-1.6460905349794253
-0.21676912394790787
-0.21676912394790787
-0.028545728256516394
-0.028545728256516394
-0.0037591082477739235
-0.0037591082477739235
-0.0004950266005288029
-0.0004950266005288029
-6.518868813643053e-05
-6.518868813643053e-05
-8.584518607079872e-06
-8.584518607079872e-06
0
0
0
0
0
0
0
0
-1.6455955087188616
-1.6455955087188616
-0.21670393530454155
-0.21670393530454155
-0.02853714374380682
-0.02853714374380682
-0.003757977776963628
-0.003757977776963628
-0.0004948777319491171
-0.0004948777319491171
-6.51690840432669e-05
-6.51690840432669e-05
-8.581936992158035e-06
-8.581936992158035e-06
-1.130131620878198e-06
-1.130131620878198e-06
-1.4882391615363608e-07
-1.4882391615363608e-07
-1.9598207501303477e-08
-1.9598207501303477e-08
-2.580833324827836e-09
-2.580833324827836e-09
-3.398644328929853e-10
-3.398644328929853e-10
-4.4758271163421646e-11
-4.4758271163421646e-11
-5.8915835173441646e-12
-5.8915835173441646e-12
-7.756758198714427e-13
-7.756758198714427e-13
-1.0066022089934753e-13
-1.0066022089934753e-13
-1.1842378929335004e-14
-1.1842378929335004e-14
-5.921189464667502e-15
-5.921189464667502e-15
0
0
0
0
0
0
0.0
0.0
0.0
0.0
0
0.0
0.0
-1.6460905349794253
-1.6460905349794253
-0.21676912394790787
-0.21676912394790787
-0.028545728256516394
-0.028545728256516394
-0.0037591082477739235
-0.0037591082477739235
-0.0004950266005288029
-0.0004950266005288029
-6.518868813643053e-05
-6.518868813643053e-05
-8.584518607079872e-06
-8.584518607079872e-06
-1.130471585971312e-06
-1.130471585971312e-06
0
0
0
0
0
0
-1.6423314270716165
-1.6423314270716165
-0.21627409739214326
-0.21627409739214326
-0.028480539574271546
-0.028480539574271546
-0.0037505237299425196
-0.0037505237299425196
0
0
0
0
0
0
0
0
0
0
0
0
0
0
0
0
0.0
0.0
0.0
0.0
0
0.0
0.0
-1.6460905349794253
-1.6460905349794253
0
0.0
0.0
0
0
0
0
0
0
0
0.0
0.0
0.0
0.0
-1.6460905349794253
-1.6460905349794253
-0.21676912394790787
-0.21676912394790787
-0.028545728256516394
-0.028545728256516394
-0.0037591082477739235
-0.0037591082477739235
-0.0004950266005288029
-0.0004950266005288029
-6.518868813643053e-05
-6.518868813643053e-05
-8.584518607079872e-06
-8.584518607079872e-06
-1.130471585971312e-06
-1.130471585971312e-06
-1.4886868626717842e-07
-1.4886868626717842e-07
-1.9604105006010286e-08
-1.9604105006010286e-08
-2.5816090006477075e-09
-2.5816090006477075e-09
-3.399650931138846e-10
-3.399650931138846e-10
-4.4770113542350984e-11
-4.4770113542350984e-11
-5.8975047068088315e-12
-5.8975047068088315e-12
-7.756758198714427e-13
-7.756758198714427e-13
-1.0066022089934753e-13
-1.0066022089934753e-13
-1.1842378929335004e-14
-1.1842378929335004e-14
-5.921189464667502e-15
-5.921189464667502e-15
0
0
0
0
0
0
0
0
0
0
0
0
0
0
0
0
0
0.0
0.0
0.0
0.0
-1.6460905349794253
-1.6460905349794253
-0.21676912394790787
-0.21676912394790787
-0.028545728256516394
-0.028545728256516394
-0.0037591082477739235
-0.0037591082477739235
0
0
0
0
0
0
0
0
0
0.0
0.0
0.0
0.0
0.0
0.0
0
0.0
0.0
0.0
0.0
0.0
0.0
0.0
0.0
0
0.0
0.0
0.0
0.0
0.0
0.0
0
0.0
0.0
-1.6460905349794253
-1.6460905349794253
-0.21676912394790787
-0.21676912394790787
-0.028545728256516394
-0.028545728256516394
0
0
0
0
-1.4008408714631375
-1.4008408714631375
-0.18447287196222462
-0.18447287196222462
-1.670383258859225
-1.670383258859225
-0.21996816577570283
-0.21996816577570283
0
0
0
0.0
0.0
0.0
0.0
0
0
0
0
0
0
0
0
-1.6460905349794253
-1.6460905349794253
0
0
0
0
0
0
0
0.0
0.0
0.0
0.0
0.0
0.0
0.0
0.0
0.0
0.0
0
0
-1.4293214110315176
-1.4293214110315176
-1.8343139306708167
-1.8343139306708167
0
0
0
0
0
0
0
0
0
0.0
0.0
0.0
0.0
0.0
0.0
0
0
0
0
0
0
0
0
0
0.0
0.0
0.0
0.0
0.0
0.0
0.0
0.0
-1.6460905349794253
-1.6460905349794253
-0.21676912394790787
-0.21676912394790787
-0.028545728256516394
-0.028545728256516394
-0.0037591082477739235
-0.0037591082477739235
-0.0004950266005288029
-0.0004950266005288029
-6.518868813643053e-05
-6.518868813643053e-05
-8.584518607079872e-06
-8.584518607079872e-06
-1.130471585971312e-06
-1.130471585971312e-06
-1.4886868626717842e-07
-1.4886868626717842e-07
-1.9604105006010286e-08
-1.9604105006010286e-08
-2.5816090006477075e-09
-2.5816090006477075e-09
0
0
0
0
0
0
0
0
0
0
0
0
0
0
0
0.0
0.0
-1.6460905349794253
-1.6460905349794253
-0.21676912394790787
-0.21676912394790787
-0.028545728256516394
-0.028545728256516394
-0.0037591082477739235
-0.0037591082477739235
-0.0004950266005288029
-0.0004950266005288029
-6.518868813643053e-05
-6.518868813643053e-05
-8.584518607079872e-06
-8.584518607079872e-06
-1.130471585971312e-06
-1.130471585971312e-06
-1.4886868626717842e-07
-1.4886868626717842e-07
0
0
0
0
0
0
0
0
0
0
0
0
0
0
0
0
0
0
0
0.0
0.0
0.0
0.0
0
0
0
0.0
0.0
0
0
0
0
0
0
0
0
0
0
0
0
0
0
-1.6460905349794253
-1.6460905349794253
-0.21676912394790787
-0.21676912394790787
-0.028545728256516394
-0.028545728256516394
-0.0037591082477739235
-0.0037591082477739235
-0.0004950266005288029
-0.0004950266005288029
-6.518868813643053e-05
-6.518868813643053e-05
-8.584518607079872e-06
-8.584518607079872e-06
-1.130471585971312e-06
-1.130471585971312e-06
-1.4886868626717842e-07
-1.4886868626717842e-07
0
0
0
0
0
0
-1.6423314267764215
-1.6423314267764215
-0.21627409735327657
-0.21627409735327657
-0.02848053956915564
-0.02848053956915564
-0.003750523729273425
-0.003750523729273425
-0.0004938961289605952
-0.0004938961289605952
0
0
0
0
0
0
-1.6423315752603727
-1.6423315752603727
-0.21627411690671394
-0.21627411690671394
-0.02848054214409146
-0.02848054214409146
-0.003750524068356261
-0.003750524068356261
-0.0004938961736122849
-0.0004938961736122849
-6.503982533582568e-05
-6.503982533582568e-05
-8.564915271828493e-06
-8.564915271828493e-06
-1.1278900776308851e-06
-1.1278900776308851e-06
-1.4852873301644348e-07
-1.4852873301644348e-07
-1.95593408136574e-08
-1.95593408136574e-08
0
-1.6460905349794253
-1.6460905349794253
-0.21676912394790787
-0.21676912394790787
-0.028545728256516394
-0.028545728256516394
-0.0037591082477739235
-0.0037591082477739235
-0.0004950266005288029
-0.0004950266005288029
-6.518868813643053e-05
-6.518868813643053e-05
-8.584518607079872e-06
-8.584518607079872e-06
-1.130471585971312e-06
-1.130471585971312e-06
0
0
0
0
0
0.0
0.0
0
0
0
0.0
0.0
0.0
0.0
0.0
0.0
0.0
0.0
0.0
0.0
0.0
0.0
0
0.0
0.0
0
0
-1.4293214110315176
-1.4293214110315176
-0.18822339569139146
-0.18822339569139146
-0.02478662000874247
-0.02478662000874247
-0.0032640816472391996
-0.0032640816472391996
-1.6465203728918176
-1.6465203728918176
-0.21682572811744313
-0.21682572811744313
0
0
0
0
-1.618039962588019
-1.618039962588019
-0.2130752214107723
-0.2130752214107723
-0.028059288416232658
-0.028059288416232658
-0.003695050326418444
-0.003695050326418444
-0.00048659098948652024
-0.00048659098948652024
-6.407782577729412e-05
-6.407782577729412e-05
0
0
-1.4293225222390464
-1.4293225222390464
-0.1882235420232507
-0.1882235420232507
-0.02478663927878581
-0.02478663927878581
-0.0032640841848596835
-0.0032640841848596835
-0.0004298382465665422
-0.0004298382465665422
-5.660421354155195e-05
-5.660421354155195e-05
-7.454052812031857e-06
-7.454052812031857e-06
-9.816036635375744e-07
-9.816036635375744e-07
-1.2926467600019958e-07
-1.2926467600019958e-07
-1.7022507847741508e-08
-1.7022507847741508e-08
-2.2416498287232875e-09
-2.2416498287232875e-09
-2.951949795715336e-10
-2.951949795715336e-10
-3.887260883554215e-11
-3.887260883554215e-11
0
0
0
0
0
0
0
-1.6423314267316513
-1.6423314267316513
-0.21627409734737907
-0.21627409734737907
-0.028480539568379964
-0.028480539568379964
0
0
0
-1.6460905349794253
-1.6460905349794253
-0.21676912394790787
-0.21676912394790787
-0.028545728256516394
-0.028545728256516394
-0.0037591082477739235
-0.0037591082477739235
-0.0004950266005288029
-0.0004950266005288029
-6.518868813643053e-05
-6.518868813643053e-05
0
0
0
0
0
0
0
0
0
0
0
0
0
0
-1.6460242158255944
-1.6460242158255944
-0.21676039056139612
-0.21676039056139612
0
0
0
0
0
0
0
0
0
0
0
0
0
0.0
0.0
0.0
0.0
0
0.0
0.0
-1.6460905349794253
-1.6460905349794253
-0.21676912394790787
-0.21676912394790787
-0.028545728256516394
-0.028545728256516394
0
0
-1.4298164376320464
-1.4298164376320464
-0.1882885843795279
-0.1882885843795279
-0.02479520452734363
-0.02479520452734363
0
0
0
0
0
0
0
0
0
0
0
0
0
0
0
0.0
0.0
0.0
0.0
0.0
0.0
0
0
0
0
0
0
0
0
0
0
0
0
0
0
0
0
-1.646090386110739
-1.646090386110739
-0.21676910434380287
-0.21676910434380287
0
0.0
0.0
0.0
0.0
0
0.0
0.0
-1.6460905349794253
-1.6460905349794253
0
0
0
0
0
0
0
0.0
0.0
0
0
-1.4293214110315176
-1.4293214110315176
0
0
0
0
0
0
0
0
-1.6456521125484258
-1.6456521125484258
-0.21671138930678663
-0.21671138930678663
-0.028538125340809017
-0.028538125340809017
-0.003758107040763292
-0.003758107040763292
-0.0004948947543385411
-0.0004948947543385411
-1.6461557063051007
-1.6461557063051007
-0.216777706180095
-0.216777706180095
0
0
0
0
0
0
0
0
0
0
-1.6460264768076331
-1.6460264768076331
-0.21676068830388456
-0.21676068830388456
-0.028544617389811105
-0.028544617389811105
-0.0037589619607973175
-0.0037589619607973175
-0.0004950073364007324
-0.0004950073364007324
-6.518615129754343e-05
-6.518615129754343e-05
-8.584184533570276e-06
-8.584184533570276e-06
0
0
0
0
0
0
0
0
0
0.0
0.0
-1.6460905349794253
-1.6460905349794253
-0.21676912394790787
-0.21676912394790787
-0.028545728256516394
-0.028545728256516394
-0.0037591082477739235
-0.0037591082477739235
-0.0004950266005288029
-0.0004950266005288029
0
0
0
0
0
0
0
0.0
0.0
0
0
0
0
0
0.0
0.0
-1.6460905349794253
-1.6460905349794253
0
0
0
0
0
0
0
0
0
0
0
-1.617544806722909
-1.617544806722909
-1.8591005506795593
-1.8591005506795593
-0.24481982560388954
-0.24481982560388954
0
0
0
0
0
0
-1.6138593228131923
-1.6138593228131923
0
0
-1.457308200758026
-1.457308200758026
-1.8379994338446792
-1.8379994338446792
-0.2420410777079418
-0.2420410777079418
0
0
0
0.0
0.0
-1.6460905349794253
-1.6460905349794253
-0.21676912394790787
-0.21676912394790787
-0.028545728256516394
-0.028545728256516394
-0.0037591082477739235
-0.0037591082477739235
0
0
0
0
0
0
0
0
0
0
0
-1.6423314267316513
-1.6423314267316513
-0.21627409734737907
-0.21627409734737907
0
0
0
0
0
0
0
0
0
0
0
-1.6455955083788907
-1.6455955083788907
-0.21670393525977144
-0.21670393525977144
-0.028537143737915237
-0.028537143737915237
0
0.0
0.0
0
0
0
0
0
0
0
0
0
0
0
0
0
0.0
0.0
-1.6460905349794253
-1.6460905349794253
-0.21676912394790787
-0.21676912394790787
-0.028545728256516394
-0.028545728256516394
0
0
0
0
0
0
0
0
0
0
0
0
0
0.0
0.0
0.0
0.0
0.0
0.0
0.0
0.0
0.0
0.0
0
0
0
0
0
0
0
0.0
0.0
0.0
0.0
0.0
0.0
0
-1.6460905349794253
-1.6460905349794253
-0.21676912394790787
-0.21676912394790787
-0.028545728256516394
-0.028545728256516394
-0.0037591082477739235
-0.0037591082477739235
-0.0004950266005288029
-0.0004950266005288029
-6.518868813643053e-05
-6.518868813643053e-05
-8.584518607079872e-06
-8.584518607079872e-06
-1.130471585971312e-06
-1.130471585971312e-06
-1.4886868626717842e-07
-1.4886868626717842e-07
-1.9604105006010286e-08
-1.9604105006010286e-08
-2.5816090006477075e-09
-2.5816090006477075e-09
-3.399650931138846e-10
-3.399650931138846e-10
-4.4770113542350984e-11
-4.4770113542350984e-11
-5.8975047068088315e-12
-5.8975047068088315e-12
-7.756758198714427e-13
-7.756758198714427e-13
-1.0066022089934753e-13
-1.0066022089934753e-13
-1.1842378929335004e-14
-1.1842378929335004e-14
-5.921189464667502e-15
-5.921189464667502e-15
-5.921189464667502e-15
-5.921189464667502e-15
-5.921189464667502e-15
-5.921189464667502e-15
-5.921189464667502e-15
-5.921189464667502e-15
0
0
0
0
0
0
0
0
0
0
0
0
0
0
0
0
0
0.0
0.0
-1.6460905349794253
-1.6460905349794253
-0.21676912394790787
-0.21676912394790787
-0.028545728256516394
-0.028545728256516394
-0.0037591082477739235
-0.0037591082477739235
-0.0004950266005288029
-0.0004950266005288029
-6.518868813643053e-05
-6.518868813643053e-05
-8.584518607079872e-06
-8.584518607079872e-06
0
0.0
0.0
0.0
0.0
0.0
0.0
0
0
0
0
0
0
0
0
0
0
0
0
0
0
0
-1.6460905349794253
-1.6460905349794253
-0.21676912394790787
-0.21676912394790787
0
0
-1.4330805192792855
-1.4330805192792855
0
0
0
0
0
0
0
0
0
0
0
0
0
0
0
-1.6460905349794253
-1.6460905349794253
-0.21676912394790787
-0.21676912394790787
-0.028545728256516394
-0.028545728256516394
-0.0037591082477739235
-0.0037591082477739235
-0.0004950266005288029
-0.0004950266005288029
-6.518868813643053e-05
-6.518868813643053e-05
0
0.0
0.0
0.0
0.0
-1.6460905349794253
-1.6460905349794253
-0.21676912394790787
-0.21676912394790787
-0.028545728256516394
-0.028545728256516394
0
0
0
0
0
0
0
0
0
-1.617544806722909
-1.617544806722909
-0.21301001570013395
-0.21301001570013395
-1.674141236635413
-1.674141236635413
-0.22046304350754536
-0.22046304350754536
-0.02903217033844404
-0.02903217033844404
-0.0038231664643184615
-0.0038231664643184615
-0.0005034622504436944
-0.0005034622504436944
-6.629955561147464e-05
-6.629955561147464e-05
-8.730805678425213e-06
-8.730805678425213e-06
-1.1497357258842082e-06
-1.1497357258842082e-06
-1.5140553107547325e-07
-1.5140553107547325e-07
-1.993817851560683e-08
-1.993817851560683e-08
-2.625603438370187e-09
-2.625603438370187e-09
-3.4575601641032944e-10
-3.4575601641032944e-10
-4.553394698329309e-11
-4.553394698329309e-11
-5.99816492770818e-12
-5.99816492770818e-12
0
0
-1.4293214110316241
-1.4293214110316241
-0.1882233956914033
-0.1882233956914033
0
0
0
0
0
0
0
0
0
0
0
-1.6460905349794253
-1.6460905349794253
-0.21676912394790787
-0.21676912394790787
0
0
-1.4330805192792855
-1.4330805192792855
-0.1887184222919262
-0.1887184222919262
-0.0248518086968789
-0.0248518086968789
-0.0032726661658403584
-0.0032726661658403584
0
0
0
0
-1.4007831564261213
-1.4007831564261213
-0.18446527162813217
-0.18446527162813217
-1.6703822579921794
-1.6703822579921794
0
0
0
-1.6460905349794253
-1.6460905349794253
0
0
-1.4578671392880338
-1.4578671392880338
-0.19198250393916538
-0.19198250393916538
0
0
0
0
0
0
0
0
0
0.0
0.0
0.0
0.0
0.0
0.0
-1.6460905349794253
-1.6460905349794253
-0.21676912394790787
-0.21676912394790787
0
0
0
0
-1.6180398333234378
-1.6180398333234378
0
0
0
0
0
0
0
0
0
0.0
0.0
0.0
0.0
-1.6460905349794253
-1.6460905349794253
0
0
0
0
0
0
0
0
0
0
0
0
-1.64608308093241
-1.64608308093241
0
0
0
0
0
0
-1.6428264510905364
-1.6428264510905364
0
0
0
0
0
-1.4293214110315176
-1.4293214110315176
0
0
0
0
0
-1.6460905349794253
-1.6460905349794253
-0.21676912394790787
-0.21676912394790787
-0.028545728256516394
-0.028545728256516394
-0.0037591082477739235
-0.0037591082477739235
-0.0004950266005288029
-0.0004950266005288029
-6.518868813643053e-05
-6.518868813643053e-05
-8.584518607079872e-06
-8.584518607079872e-06
0
0
0
0
0
0
0
0
0
0
0
0
0
0
0
0
0
0
0
0
0
0
0
0
0
0
0
0
0
-1.6455955083788907
-1.6455955083788907
-0.21670393525977144
-0.21670393525977144
-0.028537143737915237
-0.028537143737915237
0
0
0
0
0
0
-1.6423400086686435
-1.6423400086686435
-0.21627522747899994
-0.21627522747899994
0
0.0
0.0
0.0
0.0
0.0
0.0
0.0
0.0
-1.6460905349794253
-1.6460905349794253
-0.21676912394790787
-0.21676912394790787
0
0
0
0
0
0
0
0.0
0.0
0.0
0.0
0.0
0.0
0.0
0.0
0.0
0.0
0.0
0.0
0
0.0
0.0
-1.6460905349794253
-1.6460905349794253
-0.21676912394790787
-0.21676912394790787
0
0
0
0
0
0
-1.42562749147188
-1.42562749147188
-0.18773695360946382
-0.18773695360946382
-0.02472256179219201
-0.02472256179219201
-0.003255645997324308
-0.003255645997324308
0
0
-1.4293778689139756
-1.4293778689139756
-0.18823083047426675
-0.18823083047426675
-0.024787599074797367
-0.024787599074797367
0
0
0
0
0
0
0
0
0
0
0
0
0
-1.6460253462912888
-1.6460253462912888
0
-1.6460905349794253
-1.6460905349794253
-0.21676912394790787
-0.21676912394790787
-0.028545728256516394
-0.028545728256516394
-0.0037591082477739235
-0.0037591082477739235
-0.0004950266005288029
-0.0004950266005288029
-6.518868813643053e-05
-6.518868813643053e-05
-8.584518607079872e-06
-8.584518607079872e-06
-1.130471585971312e-06
-1.130471585971312e-06
-1.4886868626717842e-07
-1.4886868626717842e-07
-1.9604105006010286e-08
-1.9604105006010286e-08
-2.5816090006477075e-09
-2.5816090006477075e-09
-3.399650931138846e-10
-3.399650931138846e-10
-4.4770113542350984e-11
-4.4770113542350984e-11
-5.8975047068088315e-12
-5.8975047068088315e-12
0
0
0
0
0
0
0
0
0
-1.6460905349794253
-1.6460905349794253
0
0
0
0
0
0
0
0
0
0
0
0.0
0.0
0
0
0
0
0
0.0
0.0
0.0
0.0
0.0
0.0
0
0
0
0
-1.617544806722909
-1.617544806722909
-0.21301001570013395
-0.21301001570013395
0
0
0
0
0
0
0
0
0
0
0
0
0
0
0.0
0.0
0.0
0.0
0.0
0.0
0.0
0.0
0
0.0
0.0
0
0
0
0
-1.617544806722909
-1.617544806722909
-1.8591005506795593
-1.8591005506795593
-0.24481982560388954
-0.24481982560388954
-0.03223964781615389
-0.03223964781615389
-0.004245550329701568
-0.004245550329701568
-0.0005590848170851833
-0.0005590848170851833
-7.362433805132204e-05
-7.362433805132204e-05
-9.695386082123985e-06
-9.695386082123985e-06
-1.2767586632378425e-06
-1.2767586632378425e-06
-1.6813282618007483e-07
-1.6813282618007483e-07
0
0
0
0.0
0.0
-1.6460905349794253
-1.6460905349794253
-0.21676912394790787
-0.21676912394790787
-0.028545728256516394
-0.028545728256516394
-0.0037591082477739235
-0.0037591082477739235
-0.0004950266005288029
-0.0004950266005288029
0
0
-1.4293299955501186
-1.4293299955501186
0
0
-1.4541081799089461
-1.4541081799089461
0
0
0
0
-1.6208654928796484
-1.6208654928796484
0
0.0
0.0
-1.6460905349794253
-1.6460905349794253
-0.21676912394790787
-0.21676912394790787
-0.028545728256516394
-0.028545728256516394
-0.0037591082477739235
-0.0037591082477739235
-0.0004950266005288029
-0.0004950266005288029
-6.518868813643053e-05
-6.518868813643053e-05
0
0.0
0.0
-1.6460905349794253
-1.6460905349794253
-0.21676912394790787
-0.21676912394790787
-0.028545728256516394
-0.028545728256516394
-0.0037591082477739235
-0.0037591082477739235
-0.0004950266005288029
-0.0004950266005288029
-6.518868813643053e-05
-6.518868813643053e-05
0
0
0
0
0
0
0
0
-1.6418364027127375
-1.6418364027127375
-0.21620890899920772
-0.21620890899920772
-0.028471955094548917
-0.028471955094548917
-0.0037493932634783773
-0.0037493932634783773
-0.0004937472610381615
-0.0004937472610381615
-6.502021544581757e-05
-6.502021544581757e-05
-8.562332893073215e-06
-8.562332893073215e-06
-1.6460916625294373
-1.6460916625294373
-0.21676927243185892
-0.21676927243185892
-0.02854574780995378
-0.02854574780995378
-0.0037591108227097436
-0.0037591108227097436
0
0.0
0.0
0.0
0.0
0.0
0.0
0.0
0.0
0.0
0.0
0.0
0.0
-1.6460905349794253
-1.6460905349794253
-0.21676912394790787
-0.21676912394790787
-0.028545728256516394
-0.028545728256516394
-0.0037591082477739235
-0.0037591082477739235
-0.0004950266005288029
-0.0004950266005288029
-6.518868813643053e-05
-6.518868813643053e-05
-8.584518607079872e-06
-8.584518607079872e-06
-1.130471585971312e-06
-1.130471585971312e-06
-1.4886868626717842e-07
-1.4886868626717842e-07
-1.9604105006010286e-08
-1.9604105006010286e-08
-2.5816090006477075e-09
-2.5816090006477075e-09
0
0
0
0
0
0
-1.6137856984759167
-1.6137856984759167
-0.2125149890997058
-0.2125149890997058
-0.027985512967863002
-0.027985512967863002
-0.0036853350410363346
-0.0036853350410363346
0
0
0
0.0
0.0
-1.6460905349794253
-1.6460905349794253
-0.21676912394790787
-0.21676912394790787
0
0
0
0
0
0
0
0
-1.6456040928974978
-1.6456040928974978
0
0
0
0
0
0
-1.426057183097201
-1.426057183097201
-0.1877935385148592
-0.1877935385148592
-0.024730013302368313
-0.024730013302368313
-0.003256627266156424
-0.003256627266156424
-0.0004288562655041517
-0.0004288562655041517
-5.647489915716619e-05
-5.647489915716619e-05
-7.437023755348568e-06
-7.437023755348568e-06
0
0
0
0
0
0
0
0
0
0
0
0
0.0
0.0
-1.6460905349794253
-1.6460905349794253
-0.21676912394790787
-0.21676912394790787
0
0
0
0
0
0
0
0
0
0
0
0
0
0
0
0
0
0
0
-1.6460905349794253
-1.6460905349794253
-0.21676912394790787
-0.21676912394790787
-0.028545728256516394
-0.028545728256516394
-0.0037591082477739235
-0.0037591082477739235
-0.0004950266005288029
-0.0004950266005288029
0
0
0
0
0
0
0
0
0
0
0
0
0
0
0
0
0
0
0
0
0
0
-1.6175448063829556
-1.6175448063829556
-0.21301001565536976
-0.21301001565536976
-1.6741412366295154
-1.6741412366295154
0
0
0
0
0
0
0
0
0
-1.6455955083788907
-1.6455955083788907
-0.21670393525977144
-0.21670393525977144
-1.6746276787173346
-1.6746276787173346
-0.22052710172409581
-0.22052710172409581
-0.02904060598835893
-0.02904060598835893
0
0
0
0
0
0
0
0
0
0
-1.4293214110315176
-1.4293214110315176
-0.18822339569139146
-0.18822339569139146
0
0.0
0.0
-1.6460905349794253
-1.6460905349794253
0
0
0
0.0
0.0
-1.6460905349794253
-1.6460905349794253
-0.21676912394790787
-0.21676912394790787
-0.028545728256516394
-0.028545728256516394
0
0
0
0
0
0.0
0.0
-1.6460905349794253
-1.6460905349794253
-0.21676912394790787
-0.21676912394790787
0
0
0
0
0
0
0
0
0
0
0
0
0
0
0
0
0.0
0.0
0.0
0.0
0
0
0
0
0
0
0
0
0
0
0
0
0
0
0
0
0
0
0
0
0
0
0
0
0
0
0
0
0
0
0
0
0
0
0
0
0
0
0
0
0
0
0
0
0
0
0
0
0
0
0
0
0
0
0
0
0
0
0
0
0
0
0
0
0
0.0
0.0
0
0
0
0
0
0
0
0
0
0
0
0
0
0
0
0
0
0
0
0.0
0.0
0
0
0
0
0
0
0
0
0
0
0
0
0
0
0
0
0.0
0.0
0
0
0
0
0
0
0
0
0
0
0
0
0
0
0.0
0.0
0
0
0
0
0
0
0
0
0
0
0
0
0
0
0
0
0
0
0
0
0
0
0
0
0
0
0
0
0
0
0
0
0
0
0
0
0
0
0
0
0
0
0
0
0
0
0
0.0
0.0
0.0
0.0
0
0
0
0.0
0.0
0.0
0.0
0
0
0
0
0
0
0
0
0
0
0
0
0
0
0
0
0
0
0
0
0
0
0
0
0
0
0
0
0
0
0
0
0
0
0
0
0
0
0
0
0
0
0
0
0
0
0
0
0
0
0
0
0
0
0
0
0
0
0
0
0
0
0
0
0
0
0
0
0
0
0
0
0
0.0
0.0
0
0
0
0
0
0
0
0.0
0.0
0
0
0
0
0
0
0
0
0
0
0
0.0
0.0
0.0
0.0
0
0
0
0
0
0
0
0
0
0
0
0
0.0
0.0
0
0
0
0
0
0
0
0
0
0
0
0
0
0
0
0
0
0.0
0.0
0
0
0
0
0
0
0
0
0
0
0
0
0
0
0
0
0
0
0
0
0
0
0
0
0
0
0
0
0
0
0.0
0.0
0
0
0
0
0
0
0
0
0
0
0
0
0
0
0
0
0
0
0
0
0
0
0
0
0
0
0
0
0
0
0
0
0
0
0
0
0
0
0
0
0
0
0
0
0
0
0
0
0
0
0
0
0
0
0
0
0
0
0
0
0
0
0
0
0
0
0
0
0
0
0
0
0
0
0
0
0
0
0
0
0
0
0
0
0
0
0
0
0
0
0
0
0
0
0
0
0
0
0
0
0
0
0
0
0
0
0
0.0
0.0
0
0
0
0
0
0
0
0
0
0
0
0
0
0
0
0
0
0
0
0
0
0
0
0
0
0
0
0
0
0
0
0
0
0
0
0
0
0
0
0
0
0
0
0
0
0
0
0
0
0
0
0
0
0
0
0
0
0
0
0
0.0
0.0
0.0
0.0
0
0
0
0
0
0
0
0
0
0
0
0
0.0
0.0
0
0
0
0
0
0
0
0
0
0
0
0
0
0
0
0
0
0
0
0
0
0
0
0
0
